67.9626	3.0	243.0000
72.2646	3.0	243.0000
71.9940	3.0	243.0000
71.7611	3.0	243.0000
71.5689	3.0	243.0000
72.4025	3.0	243.0000
64.7323	3.0	243.0000
63.8592	3.0	243.0000
62.0731	3.0	243.0000
65.3199	3.0	243.0000
73.5081	3.0	243.0000
75.6766	3.0	243.0000
77.5531	3.0	243.0000
78.3746	3.0	243.0000
79.0748	3.0	243.0000
79.3026	3.0	243.0000
78.4184	3.0	243.0000
79.1650	3.0	243.0000
79.5944	3.0	243.0000
79.6648	3.0	243.0000
79.2801	3.0	243.0000
79.5839	3.0	243.0000
79.1561	3.0	243.0000
78.6824	3.0	243.0000
79.0606	3.0	243.0000
78.3443	3.0	243.0000
78.5578	3.0	243.0000
77.7778	3.0	243.0000
78.0541	3.0	243.0000
77.3481	3.0	243.0000
78.0634	3.0	243.0000
77.6007	3.0	243.0000
78.1799	3.0	243.0000
77.0473	3.0	243.0000
77.7053	3.0	243.0000
77.8111	3.0	243.0000
77.7778	3.0	243.0000
76.4454	3.0	243.0000
76.8392	3.0	243.0000
75.2809	3.0	243.0000
71.8563	3.0	243.0000
77.6119	3.0	243.0000
