90.0000	3.0	243.0000
85.4545	3.0	243.0000
88.0952	3.0	243.0000
86.7742	3.0	243.0000
86.0976	3.0	243.0000
86.8627	3.0	243.0000
84.7541	3.0	243.0000
84.9296	3.0	243.0000
85.4321	3.0	243.0000
84.0659	3.0	243.0000
82.5743	3.0	243.0000
82.6126	3.0	243.0000
81.9008	3.0	243.0000
82.2137	3.0	243.0000
81.7021	3.0	243.0000
81.3907	3.0	243.0000
81.8012	3.0	243.0000
80.9357	3.0	243.0000
80.6630	3.0	243.0000
80.1571	3.0	243.0000
80.6965	3.0	243.0000
80.7583	3.0	243.0000
80.9050	3.0	243.0000
81.3420	3.0	243.0000
81.4523	3.0	243.0000
80.9960	3.0	243.0000
81.4176	3.0	243.0000
81.3653	3.0	243.0000
81.3879	3.0	243.0000
81.4433	3.0	243.0000
81.1296	3.0	243.0000
81.1576	3.0	243.0000
80.9346	3.0	243.0000
81.1178	3.0	243.0000
81.2903	3.0	243.0000
81.2536	3.0	243.0000
81.3573	3.0	243.0000
81.2399	3.0	243.0000
80.9974	3.0	243.0000
80.8440	3.0	243.0000
81.1222	3.0	243.0000
80.8759	3.0	243.0000
