51.0054	1.0	0.0014
70.4117	1.0	0.0041
69.9649	1.0	0.0123
70.0926	1.0	0.0370
72.1992	1.0	0.1111
73.7312	1.0	0.3333
75.9336	1.0	1.0000
77.3380	1.0	3.0000
78.6147	1.0	9.0000
79.1254	1.0	27.0000
79.4765	1.0	81.0000
79.5723	1.0	243.0000
79.5723	1.0	729.0000
51.0054	2.0	0.0014
72.4864	2.0	0.0041
70.0606	2.0	0.0123
70.1883	2.0	0.0370
72.0396	2.0	0.1111
72.8056	2.0	0.3333
73.9228	2.0	1.0000
76.2209	2.0	3.0000
78.4232	2.0	9.0000
79.6680	2.0	27.0000
80.6575	2.0	81.0000
80.2426	2.0	243.0000
80.1468	2.0	729.0000
51.0054	3.0	0.0014
51.0054	3.0	0.0041
71.1778	3.0	0.0123
70.6352	3.0	0.0370
71.9119	3.0	0.1111
72.7737	3.0	0.3333
73.0290	3.0	1.0000
74.6250	3.0	3.0000
76.7954	3.0	9.0000
78.9020	3.0	27.0000
80.2426	3.0	81.0000
80.3703	3.0	243.0000
80.2107	3.0	729.0000
51.0054	4.0	0.0014
51.0054	4.0	0.0041
70.8267	4.0	0.0123
70.9863	4.0	0.0370
72.2311	4.0	0.1111
72.6779	4.0	0.3333
73.0929	4.0	1.0000
74.1143	4.0	3.0000
75.7421	4.0	9.0000
77.8806	4.0	27.0000
79.7000	4.0	81.0000
80.3383	4.0	243.0000
80.2745	4.0	729.0000
51.0054	5.0	0.0014
51.0054	5.0	0.0041
71.6885	5.0	0.0123
68.2094	5.0	0.0370
72.1034	5.0	0.1111
72.5822	5.0	0.3333
73.0610	5.0	1.0000
73.8908	5.0	3.0000
75.2633	5.0	9.0000
76.4124	5.0	27.0000
78.6147	5.0	81.0000
79.8915	5.0	243.0000
80.2426	5.0	729.0000
